Title: Images/barbara.png
Test: a
[['PSNR', [(27.89349387028906, 105.61630603818104), (7.464963054585507, 11656.926), 100, 100]], ['NPCR', [100.0, 100.0]], ['UACI', [50.01222223123642, 34.59371999550571, 0.0, 0.0]], ['Entropy', [5.905168509396548, 5.905168509396548, 7.999821167341361, 7.999821167341361, 5.905168509396548, 5.905168509396548]]]Test: h
[['PSNR', [(27.900185716538296, 105.4536919878056), (7.451236294911421, 11693.829), 100, 100]], ['NPCR', [100.0, 100.0]], ['UACI', [49.96478774129652, 34.659099284655554, 0.0, 0.0]], ['Entropy', [5.924671093477846, 5.924671093477845, 7.999829274854533, 7.999829274854532, 5.924671093477846, 5.924671093477845]]]Test: v
[['PSNR', [(27.894911444270235, 105.58183760683761), (7.459893488388881, 11670.541), 100, 100]], ['NPCR', [100.0, 100.0]], ['UACI', [50.04242271889441, 34.6204140811984, 0.0, 0.0]], ['Entropy', [5.924798505028686, 5.924798505028686, 7.999816946604247, 7.999816946604246, 5.924798505028686, 5.924798505028686]]]Test: d
[['PSNR', [(27.902952638840905, 105.38652805737293), (7.450504017541211, 11695.801), 100, 100]], ['NPCR', [100.0, 100.0]], ['UACI', [49.98296561734358, 34.64962822068938, 0.0, 0.0]], ['Entropy', [5.921445849576601, 5.921445849576601, 7.9998468961698475, 7.9998468961698475, 5.921445849576601, 5.921445849576601]]]Title: Images/color.png
Test: a
[['PSNR', [(27.90249550348744, 105.39762155391308), (7.188381882054818, 12423.448), 100, 100]], ['NPCR', [100.0, 100.0]], ['UACI', [49.98975912300288, 35.75502147343901, 0.0, 0.0]], ['Entropy', [5.35616015344723, 5.356160153447229, 7.999848170982961, 7.999848170982961, 5.35616015344723, 5.356160153447229]]]Test: h
[['PSNR', [(27.899721245843647, 105.46497068713927), (7.524045246141111, 11499.418), 100, 100]], ['NPCR', [100.0, 100.0]], ['UACI', [50.00293207977964, 34.34486446400223, 0.0, 0.0]], ['Entropy', [5.733641960673677, 5.733641960673676, 7.999915000299648, 7.999915000299647, 5.733641960673677, 5.733641960673676]]]Test: v
[['PSNR', [(27.900596187811416, 105.44372555546309), (7.450081224411036, 11696.939), 100, 100]], ['NPCR', [100.0, 100.0]], ['UACI', [50.01826067260481, 34.65836054893713, 0.0, 0.0]], ['Entropy', [5.80419778976188, 5.804197789761879, 7.9999199294820125, 7.9999199294820125, 5.80419778976188, 5.804197789761879]]]Test: d
[['PSNR', [(27.902007523730738, 105.40946485320823), (7.301200002078518, 12104.876), 100, 100]], ['NPCR', [100.0, 100.0]], ['UACI', [49.989816265489495, 35.27573789049518, 0.0, 0.0]], ['Entropy', [5.735010965449627, 5.735010965449626, 7.999910797997579, 7.99991079799758, 5.735010965449627, 5.735010965449626]]]Title: Images/eye.png
Test: a
[['PSNR', [(27.897472443208756, 105.51959521691066), (7.461295882760567, 11666.773), 100, 100]], ['NPCR', [100.0, 100.0]], ['UACI', [50.003438194558036, 34.59972677790537, 0.0, 0.0]], ['Entropy', [5.888030367503563, 5.888030367503564, 7.999983280408184, 7.999983280408184, 5.888030367503563, 5.888030367503564]]]Test: h
[['PSNR', [(27.898974545493537, 105.48310527189106), (7.458520146603136, 11674.233), 100, 100]], ['NPCR', [100.0, 100.0]], ['UACI', [49.991306264755195, 34.613688701088705, 0.0, 0.0]], ['Entropy', [5.910103615311571, 5.91010361531157, 7.999986049340043, 7.999986049340044, 5.910103615311571, 5.91010361531157]]]Test: v
[['PSNR', [(27.8981306297147, 105.50360461282857), (7.459678793576094, 11671.118), 100, 100]], ['NPCR', [100.0, 100.0]], ['UACI', [50.00575314007505, 34.609101659985974, 0.0, 0.0]], ['Entropy', [5.910403810053298, 5.910403810053298, 7.999985738985363, 7.999985738985365, 5.910403810053298, 5.910403810053298]]]Test: d
[['PSNR', [(27.897887643039954, 105.50950767821469), (7.444084680323365, 11713.102), 100, 100]], ['NPCR', [100.0, 100.0]], ['UACI', [49.97721915847791, 34.67221027847815, 0.0, 0.0]], ['Entropy', [5.908688113839593, 5.9086881138395935, 7.999988383808292, 7.999988383808293, 5.908688113839593, 5.9086881138395935]]]Title: Images/lena.png
Test: a
[['PSNR', [(27.896850704845697, 105.5347025414161), (7.450799372198364, 11695.005), 100, 100]], ['NPCR', [100.0, 100.0]], ['UACI', [50.02775793696587, 34.64576845538181, 0.0, 0.0]], ['Entropy', [5.897571309963537, 5.897571309963537, 7.999819651499138, 7.999819651499138, 5.897571309963537, 5.897571309963537]]]Test: h
[['PSNR', [(27.89886894119041, 105.4856702607924), (7.471023785664665, 11640.671), 100, 100]], ['NPCR', [100.0, 100.0]], ['UACI', [50.00881263493866, 34.57427735251156, 0.0, 0.0]], ['Entropy', [5.908859237310308, 5.908859237310307, 7.999815618201827, 7.999815618201827, 5.908859237310308, 5.908859237310307]]]Test: v
[['PSNR', [(27.900248138656725, 105.4521762891684), (7.451868125250521, 11692.128), 100, 100]], ['NPCR', [100.0, 100.0]], ['UACI', [50.012778751501386, 34.640249188671525, 0.0, 0.0]], ['Entropy', [5.9218239685752785, 5.9218239685752785, 7.9998419922620725, 7.9998419922620725, 5.9218239685752785, 5.9218239685752785]]]Test: d
[['PSNR', [(27.904839026298525, 105.34076264605913), (7.463645983718662, 11660.462), 100, 100]], ['NPCR', [100.0, 100.0]], ['UACI', [50.05743490606112, 34.59462819475226, 0.0, 0.0]], ['Entropy', [5.912124706648347, 5.912124706648347, 7.999846855390751, 7.99984685539075, 5.912124706648347, 5.912124706648347]]]Title: Images/lenaV2.png
Test: a
[['PSNR', [(27.899371916197136, 105.47345422175007), (7.473476049691175, 11634.099), 100, 100]], ['NPCR', [100.0, 100.0]], ['UACI', [49.98992024808055, 34.55097637496925, 0.0, 0.0]], ['Entropy', [5.897058475914909, 5.897058475914909, 7.999931432254209, 7.999931432254209, 5.897058475914909, 5.897058475914909]]]Test: h
[['PSNR', [(27.895608044974914, 105.56490382403763), (7.464788742967068, 11657.395), 100, 100]], ['NPCR', [100.0, 100.0]], ['UACI', [49.97772213964009, 34.5914429735409, 0.0, 0.0]], ['Entropy', [5.91321770075125, 5.9132177007512485, 7.999936311709924, 7.999936311709924, 5.91321770075125, 5.9132177007512485]]]Test: v
[['PSNR', [(27.90063295720094, 105.44283282364934), (7.462155467346465, 11664.465), 100, 100]], ['NPCR', [100.0, 100.0]], ['UACI', [49.973161839661785, 34.59675228025291, 0.0, 0.0]], ['Entropy', [5.927489128928888, 5.9274891289288885, 7.999939503219234, 7.999939503219235, 5.927489128928888, 5.9274891289288885]]]Test: d
[['PSNR', [(27.897451059821247, 105.5201147657521), (7.467913379695118, 11649.011), 100, 100]], ['NPCR', [100.0, 100.0]], ['UACI', [49.9877173880152, 34.58302420067126, 0.0, 0.0]], ['Entropy', [5.908547304199296, 5.908547304199296, 7.99992976667293, 7.99992976667293, 5.908547304199296, 5.908547304199296]]]Title: Images/logo.png
Test: a
[['PSNR', [(27.897858092019334, 105.51022560680336), (7.404254412032793, 11821.02), 100, 100]], ['NPCR', [100.0, 100.0]], ['UACI', [50.00918680695001, 34.83346099652207, 0.0, 0.0]], ['Entropy', [5.567827509593842, 5.567827509593842, 7.998779441166597, 7.998779441166597, 5.567827509593842, 5.567827509593842]]]Test: h
[['PSNR', [(27.89964419676492, 105.46684177950878), (7.388994251682649, 11862.628), 100, 100]], ['NPCR', [100.0, 100.0]], ['UACI', [50.01478118936012, 34.90113001457596, 0.0, 0.0]], ['Entropy', [5.842506969351533, 5.842506969351533, 7.999117558930596, 7.999117558930596, 5.842506969351533, 5.842506969351533]]]Test: v
[['PSNR', [(27.89932598509995, 105.4745697176396), (7.4756438574845046, 11628.293), 100, 100]], ['NPCR', [100.0, 100.0]], ['UACI', [49.889212109336384, 34.542618443316414, 0.0, 0.0]], ['Entropy', [5.8671624304947985, 5.867162430494798, 7.999194762026345, 7.999194762026344, 5.8671624304947985, 5.867162430494798]]]Test: d
[['PSNR', [(27.908761180903312, 105.24567135085678), (7.493261986482899, 11581.216), 100, 100]], ['NPCR', [100.0, 100.0]], ['UACI', [49.9616934221844, 34.46044646936556, 0.0, 0.0]], ['Entropy', [5.848973749584591, 5.848973749584593, 7.998921954752106, 7.998921954752106, 5.848973749584591, 5.848973749584593]]]Title: Images/Mandrill.png
Test: a
[['PSNR', [(27.899179968740615, 105.47811599147448), (7.4558519822046465, 11681.407), 100, 100]], ['NPCR', [100.0, 100.0]], ['UACI', [50.00293331421156, 34.623000535776136, 0.0, 0.0]], ['Entropy', [5.8947149131982215, 5.894714913198222, 7.99982143737761, 7.999821437377609, 5.8947149131982215, 5.894714913198222]]]Test: h
[['PSNR', [(27.901345275214165, 105.42553979482241), (7.474722104381827, 11630.762), 100, 100]], ['NPCR', [100.0, 100.0]], ['UACI', [49.94747543845746, 34.546312373325314, 0.0, 0.0]], ['Entropy', [5.910801824639716, 5.910801824639715, 7.999835930948002, 7.999835930948001, 5.910801824639716, 5.910801824639715]]]Test: v
[['PSNR', [(27.89893476030636, 105.48407159416426), (7.472814386211825, 11635.872), 100, 100]], ['NPCR', [100.0, 100.0]], ['UACI', [49.99065219146344, 34.54235081108319, 0.0, 0.0]], ['Entropy', [5.914222204618591, 5.914222204618591, 7.999820325704669, 7.99982032570467, 5.914222204618591, 5.914222204618591]]]Test: d
[['PSNR', [(27.8984010330929, 105.49703588028065), (7.448366365921613, 11701.559), 100, 100]], ['NPCR', [100.0, 100.0]], ['UACI', [50.01148395946059, 34.659138204558, 0.0, 0.0]], ['Entropy', [5.9143438081871595, 5.914343808187159, 7.999838971224217, 7.999838971224217, 5.9143438081871595, 5.914343808187159]]]Title: Images/peppers.png
Test: a
[['PSNR', [(27.901136632346734, 105.43060474872328), (7.50284453470106, 11555.691), 100, 100]], ['NPCR', [100.0, 100.0]], ['UACI', [49.99565086583435, 34.43600731208468, 0.0, 0.0]], ['Entropy', [5.9159973332321805, 5.9159973332321805, 7.999817601121529, 7.999817601121529, 5.9159973332321805, 5.9159973332321805]]]Test: h
[['PSNR', [(27.90236815190375, 105.40071225650851), (7.470509708875679, 11642.049), 100, 100]], ['NPCR', [100.0, 100.0]], ['UACI', [49.98918528859825, 34.57263050075729, 0.0, 0.0]], ['Entropy', [5.9088067105516044, 5.908806710551604, 7.999833384766443, 7.999833384766442, 5.9088067105516044, 5.908806710551604]]]Test: v
[['PSNR', [(27.89724149789157, 105.52520659475616), (7.4516940762253006, 11692.597), 100, 100]], ['NPCR', [100.0, 100.0]], ['UACI', [50.00321712935938, 34.626109077331215, 0.0, 0.0]], ['Entropy', [5.922438089031759, 5.92243808903176, 7.999823239982906, 7.999823239982906, 5.922438089031759, 5.92243808903176]]]Test: d
[['PSNR', [(27.898003550390587, 105.50669180907049), (7.445748474756536, 11708.614), 100, 100]], ['NPCR', [100.0, 100.0]], ['UACI', [50.03570856115721, 34.68459460564027, 0.0, 0.0]], ['Entropy', [5.918861144450589, 5.91886114445059, 7.999842569434038, 7.999842569434035, 5.918861144450589, 5.91886114445059]]]Title: Images/pinguin.png
Test: a
[['PSNR', [(27.897221964307967, 105.52568122433743), (7.353051824314471, 11961.211), 100, 100]], ['NPCR', [100.0, 100.0]], ['UACI', [50.0468568166329, 35.055961765071835, 0.0, 0.0]], ['Entropy', [5.538078441156775, 5.538078441156775, 7.999726207262422, 7.999726207262421, 5.538078441156775, 5.538078441156775]]]Test: h
[['PSNR', [(27.901169760510985, 105.4298005227394), (7.523772726229755, 11500.14), 100, 100]], ['NPCR', [100.0, 100.0]], ['UACI', [50.045160746350724, 34.331005356656966, 0.0, 0.0]], ['Entropy', [5.849443628638217, 5.849443628638218, 7.9997745652111165, 7.999774565211115, 5.849443628638217, 5.849443628638218]]]Test: v
[['PSNR', [(27.900219197934124, 105.45287900874635), (7.428813121614233, 11754.361), 100, 100]], ['NPCR', [100.0, 100.0]], ['UACI', [50.01176810009535, 34.73916352255188, 0.0, 0.0]], ['Entropy', [5.712288896500552, 5.712288896500551, 7.999794316556643, 7.999794316556642, 5.712288896500552, 5.712288896500551]]]Test: d
[['PSNR', [(27.89498660457199, 105.58001039179399), (7.3852957567632895, 11872.735), 100, 100]], ['NPCR', [100.0, 100.0]], ['UACI', [50.023820537680805, 34.92241514999475, 0.0, 0.0]], ['Entropy', [5.74510141938687, 5.74510141938687, 7.999787219301278, 7.999787219301279, 5.74510141938687, 5.74510141938687]]]Title: Images/scale.png
Test: a
[['PSNR', [(27.89794290811763, 105.50816505143027), (7.432009221438785, 11745.715), 100, 100]], ['NPCR', [100.0, 100.0]], ['UACI', [49.948777884146786, 34.72900673696902, 0.0, 0.0]], ['Entropy', [5.890182353126787, 5.890182353126788, 7.999765998351196, 7.999765998351196, 5.890182353126787, 5.890182353126788]]]Test: h
[['PSNR', [(27.895014422240926, 105.57933412707237), (7.426623970668704, 11760.288), 100, 100]], ['NPCR', [100.0, 100.0]], ['UACI', [50.04556421599477, 34.74162879442334, 0.0, 0.0]], ['Entropy', [5.89300787962738, 5.89300787962738, 7.9997423736028495, 7.9997423736028495, 5.89300787962738, 5.89300787962738]]]Test: v
[['PSNR', [(27.895900359581674, 105.55779870846314), (7.445202210453172, 11710.087), 100, 100]], ['NPCR', [100.0, 100.0]], ['UACI', [50.020676700498946, 34.67014790296527, 0.0, 0.0]], ['Entropy', [5.903904287284205, 5.903904287284205, 7.9997399654405985, 7.9997399654406, 5.903904287284205, 5.903904287284205]]]Test: d
[['PSNR', [(27.904865941989666, 105.34010979165649), (7.417905234639206, 11783.922), 100, 100]], ['NPCR', [100.0, 100.0]], ['UACI', [50.0425828348265, 34.78905707596803, 0.0, 0.0]], ['Entropy', [5.86538748287849, 5.865387482878489, 7.999764476399929, 7.999764476399929, 5.86538748287849, 5.865387482878489]]]