Title: Images/barbara.png
Test: a
[['PSNR', [(27.89387701695203, 105.60698868511369), (7.4759007367772625, 11627.605), 100, 100]], ['NPCR', [100.0, 100.0]], ['UACI', [49.98067808204607, 34.553201535869604, 0.0, 0.0]], ['Entropy', [5.905168509396548, 5.905168509396548, 7.999832254307819, 7.99983225430782, 5.905168509396548, 5.905168509396548]]]


Test: h
[['PSNR', [(27.904375323758185, 105.35201063310247), (7.453215897561134, 11688.499), 100, 100]], ['NPCR', [100.0, 100.0]], ['UACI', [49.97109002394543, 34.634565178406646, 0.0, 0.0]], 

['Entropy', [5.924671093477846, 5.924671093477845, 7.999819322347948, 7.999819322347947, 5.924671093477846, 5.924671093477845]]]


Test: v
[['PSNR', [(27.904245246085125, 105.35516613016613), (7.4581877311661575, 11675.127), 100, 100]], ['NPCR', [100.0, 100.0]], ['UACI', [50.02702417408496, 34.62263771087301, 0.0, 0.0]], ['Entropy', [5.924798505028686, 5.924798505028686, 7.999827906596326, 7.999827906596327, 5.924798505028686, 5.924798505028686]]]


Test: d
[['PSNR', [(27.904215996665116, 105.35587569199798), (7.462913886696162, 11662.428), 100, 100]], ['NPCR', [100.0, 100.0]], ['UACI', [49.94681403749618, 34.592417031349676, 0.0, 0.0]], ['Entropy', [5.921445849576601, 5.921445849576601, 7.999823003322031, 7.999823003322031, 5.921445849576601, 5.921445849576601]]]Title: Images/color.png
Test: a
[['PSNR', [(27.899571583100947, 105.46860519077748), (7.192363259999913, 12412.064), 100, 100]], ['NPCR', [100.0, 100.0]], ['UACI', [50.061103628161874, 35.74201127628344, 0.0, 0.0]], ['Entropy', [5.35616015344723, 5.356160153447229, 7.99986624266172, 7.999866242661721, 5.35616015344723, 5.356160153447229]]]

Test: h
[['PSNR', [(27.89796953112766, 105.50751826993897), (7.523614532652466, 11500.559), 100, 100]], ['NPCR', [100.0, 100.0]], ['UACI', [49.99106592618735, 34.349693703555154, 0.0, 0.0]], ['Entropy', [5.733641960673677, 5.733641960673676, 7.99991019618953, 7.999910196189531, 5.733641960673677, 5.733641960673676]]]

Test: v
[['PSNR', [(27.89922526037443, 105.47701598871296), (7.449493637410835, 11698.522), 100, 100]], ['NPCR', [100.0, 100.0]], ['UACI', [50.018277916443765, 34.64205362219328, 0.0, 0.0]], ['Entropy', [5.80419778976188, 5.804197789761879, 7.99991943977225, 7.999919439772251, 5.80419778976188, 5.804197789761879]]]

Test: d
[['PSNR', [(27.897160549561857, 105.52717350181598), (7.3025625471090585, 12101.079), 100, 100]], ['NPCR', [100.0, 100.0]], ['UACI', [50.019463558729605, 35.274044681431896, 0.0, 0.0]], ['Entropy', [5.735010965449627, 5.735010965449626, 7.999910423966467, 7.999910423966466, 5.735010965449627, 5.735010965449626]]]Title: 

Images/eye.png
Test: a
[['PSNR', [(27.899289945095497, 105.47544500385517), (7.461190357896069, 11667.057), 100, 100]], ['NPCR', [100.0, 100.0]], ['UACI', [49.99522058761077, 34.60165138966775, 0.0, 0.0]], ['Entropy', [5.888030367503563, 5.888030367503564, 7.999987122711223, 7.999987122711222, 5.888030367503563, 5.888030367503564]]]

Test: h
[['PSNR', [(27.898867541689405, 105.48570425324026), (7.458529959798286, 11674.207), 100, 100]], ['NPCR', [100.0, 100.0]], ['UACI', [50.007570752479516, 34.61777826447722, 0.0, 0.0]], ['Entropy', [5.910103615311571, 5.91010361531157, 7.999983558279798, 7.999983558279797, 5.910103615311571, 5.91010361531157]]]

Test: v
[['PSNR', [(27.89694893036525, 105.5323156624219), (7.459916798430774, 11670.4795), 100, 100]], ['NPCR', [100.0, 100.0]], ['UACI', [50.00426132838391, 34.609272646597056, 0.0, 0.0]], ['Entropy', [5.910403810053298, 5.910403810053298, 7.999984944522882, 7.9999849445228834, 5.910403810053298, 5.910403810053298]]]

Test: d
[['PSNR', [(27.89863703670145, 105.49130313309729), (7.441319334887529, 11720.5625), 100, 100]], ['NPCR', [100.0, 100.0]], ['UACI', [49.99214825278231, 34.6827495499159, 0.0, 0.0]], ['Entropy', [5.908688113839593, 5.9086881138395935, 7.999985290669817, 7.999985290669816, 5.908688113839593, 5.9086881138395935]]]

Title: Images/lena.png
Test: a
[['PSNR', [(27.894685609008434, 105.58732805695722), (7.457900097816667, 11675.9), 100, 100]], ['NPCR', [100.0, 100.0]], ['UACI', [49.955085595598604, 34.63210803702755, 0.0, 0.0]], ['Entropy', [5.897571309963537, 5.897571309963537, 7.999845099982101, 7.999845099982101, 5.897571309963537, 5.897571309963537]]]

Test: h
[['PSNR', [(27.896689452753808, 105.53862108245112), (7.462720593923388, 11662.946), 100, 100]], ['NPCR', [100.0, 100.0]], ['UACI', [50.03912817222794, 34.6063614484627, 0.0, 0.0]], ['Entropy', [5.908859237310308, 5.908859237310307, 7.999838452098008, 7.9998384520980075, 5.908859237310308, 5.908859237310307]]]

Test: v
[['PSNR', [(27.900783279965747, 105.43918318394495), (7.451917153774542, 11691.996), 100, 100]], ['NPCR', [100.0, 100.0]], ['UACI', [50.039841229027836, 34.649426058855184, 0.0, 0.0]], ['Entropy', [5.9218239685752785, 5.9218239685752785, 7.999838300195096, 7.999838300195097, 5.9218239685752785, 5.9218239685752785]]]

Test: d
[['PSNR', [(27.899798993360065, 105.46308266726183), (7.459297876697258, 11672.143), 100, 100]], ['NPCR', [100.0, 100.0]], ['UACI', [50.02602216892444, 34.628678322496306, 0.0, 0.0]], ['Entropy', [5.912124706648347, 5.912124706648347, 7.999819186132945, 7.999819186132945, 5.912124706648347, 5.912124706648347]]]

Title: Images/lenaV2.png
Test: a
[['PSNR', [(27.89894734826987, 105.48376585053285), (7.471999816834675, 11638.054), 100, 100]], ['NPCR', [100.0, 100.0]], ['UACI', [49.9975367862039, 34.555772064885126, 0.0, 0.0]], ['Entropy', [5.897058475914909, 5.897058475914909, 7.999931360606632, 7.999931360606631, 5.897058475914909, 5.897058475914909]]]Test: h
[['PSNR', [(27.898142887153746, 105.50330684202295), (7.461864634774184, 11665.245), 100, 100]], ['NPCR', [100.0, 100.0]], ['UACI', [50.012875737243256, 34.607542171766035, 0.0, 0.0]], ['Entropy', [5.91321770075125, 5.9132177007512485, 7.9999369842084285, 7.999936984208429, 5.91321770075125, 5.9132177007512485]]]Test: v
[['PSNR', [(27.901675061746104, 105.41753448861705), (7.4551818504343546, 11683.209), 100, 100]], ['NPCR', [100.0, 100.0]], ['UACI', [50.022774679700255, 34.62880534068877, 0.0, 0.0]], ['Entropy', [5.927489128928888, 5.9274891289288885, 7.999923746474749, 7.999923746474748, 5.927489128928888, 5.9274891289288885]]]Test: d
[['PSNR', [(27.898318616779214, 105.49903792259634), (7.467345459380338, 11650.533), 100, 100]], ['NPCR', [100.0, 100.0]], ['UACI', [49.97071234404887, 34.58101326355366, 0.0, 0.0]], ['Entropy', [5.908547304199296, 5.908547304199296, 7.999930188651822, 7.999930188651821, 5.908547304199296, 5.908547304199296]]]

Title: Images/logo.png
Test: a
[['PSNR', [(27.905991543039494, 105.31281136193275), (7.417042693019297, 11786.262), 100, 100]], ['NPCR', [100.0, 100.0]], ['UACI', [50.12868943688852, 34.767255634251924, 0.0, 0.0]], ['Entropy', [5.567827509593842, 5.567827509593842, 7.998803697591684, 7.9988036975916845, 5.567827509593842, 5.567827509593842]]]Test: h
[['PSNR', [(27.90307007902275, 105.38367827544042), (7.379159608443685, 11889.521), 100, 100]], ['NPCR', [100.0, 100.0]], ['UACI', [50.180562178526834, 34.91240756576672, 0.0, 0.0]], ['Entropy', [5.842506969351533, 5.842506969351533, 7.999136124525306, 7.999136124525305, 5.842506969351533, 5.842506969351533]]]Test: v
[['PSNR', [(27.893367529585472, 105.61937856916244), (7.4583950293367804, 11674.568), 100, 100]], ['NPCR', [100.0, 100.0]], ['UACI', [50.01961095351819, 34.620339093759334, 0.0, 0.0]], ['Entropy', [5.8671624304947985, 5.867162430494798, 7.999036722512757, 7.999036722512757, 5.8671624304947985, 5.867162430494798]]]Test: d
[['PSNR', [(27.904567818952316, 105.34734115026205), (7.510385289938711, 11535.644), 100, 100]], ['NPCR', [100.0, 100.0]], ['UACI', [50.07305238332821, 34.391504769504344, 0.0, 0.0]], ['Entropy', [5.848973749584591, 5.848973749584593, 7.999179131016434, 7.999179131016433, 5.848973749584591, 5.848973749584593]]]

Title: Images/Mandrill.png
Test: a
[['PSNR', [(27.90030746321079, 105.45073582403091), (7.4515433182687385, 11693.002), 100, 100]], ['NPCR', [100.0, 100.0]], ['UACI', [49.991282738869664, 34.648135712516115, 0.0, 0.0]], ['Entropy', [5.8947149131982215, 5.894714913198222, 7.999799637078877, 7.999799637078876, 5.8947149131982215, 5.894714913198222]]]Test: h
[['PSNR', [(27.90333584435688, 105.37722954705382), (7.462576394180105, 11663.334), 100, 100]], ['NPCR', [100.0, 100.0]], ['UACI', [50.0162735439741, 34.60628074050997, 0.0, 0.0]], ['Entropy', [5.910801824639716, 5.910801824639715, 7.999826783811966, 7.999826783811964, 5.910801824639716, 5.910801824639715]]]Test: v
[['PSNR', [(27.90247319013046, 105.39816307145341), (7.463203527093242, 11661.65), 100, 100]], ['NPCR', [100.0, 100.0]], ['UACI', [49.99906801564695, 34.60781014584961, 0.0, 0.0]], ['Entropy', [5.914222204618591, 5.914222204618591, 7.999836367439656, 7.999836367439654, 5.914222204618591, 5.914222204618591]]]Test: d
[['PSNR', [(27.894992939612493, 105.57985638266379), (7.4614707378291065, 11666.305), 100, 100]], ['NPCR', [100.0, 100.0]], ['UACI', [50.008692240626694, 34.6056638188595, 0.0, 0.0]], ['Entropy', [5.9143438081871595, 5.914343808187159, 7.999822102394115, 7.999822102394116, 5.9143438081871595, 5.914343808187159]]]

Title: Images/peppers.png
Test: a
[['PSNR', [(27.89588927638926, 105.55806809224205), (7.514251640200542, 11525.379), 100, 100]], ['NPCR', [100.0, 100.0]], ['UACI', [49.99003779824996, 34.378557272122556, 0.0, 0.0]], ['Entropy', [5.9159973332321805, 5.9159973332321805, 7.9998246153927575, 7.9998246153927575, 5.9159973332321805, 5.9159973332321805]]]Test: h
[['PSNR', [(27.901138662966872, 105.43055545280353), (7.462765388373528, 11662.826), 100, 100]], ['NPCR', [100.0, 100.0]], ['UACI', [50.008426633383166, 34.606795791876515, 0.0, 0.0]], ['Entropy', [5.9088067105516044, 5.908806710551604, 7.999824642345002, 7.9998246423450015, 5.9088067105516044, 5.908806710551604]]]Test: v
[['PSNR', [(27.89662862933051, 105.54009917288116), (7.444398186594736, 11712.255), 100, 100]], ['NPCR', [100.0, 100.0]], ['UACI', [50.01158362403733, 34.67275110653873, 0.0, 0.0]], ['Entropy', [5.922438089031759, 5.92243808903176, 7.999846092345575, 7.999846092345576, 5.922438089031759, 5.92243808903176]]]Test: d
[['PSNR', [(27.897251224776923, 105.5249702504139), (7.452560065903116, 11690.265), 100, 100]], ['NPCR', [100.0, 100.0]], ['UACI', [50.00260177539503, 34.62671642539466, 0.0, 0.0]], ['Entropy', [5.918861144450589, 5.91886114445059, 7.999823853060993, 7.999823853060991, 5.918861144450589, 5.91886114445059]]]Title: 

Images/pinguin.png
Test: a
[['PSNR', [(27.89995780964128, 105.45922607938286), (7.34038093914468, 11996.16), 100, 100]], ['NPCR', [100.0, 100.0]], ['UACI', [49.95137318333951, 35.10334677606267, 0.0, 0.0]], ['Entropy', [5.538078441156775, 5.538078441156775, 7.99970862202838, 7.999708622028378, 5.538078441156775, 5.538078441156775]]]Test: h
[['PSNR', [(27.89667936547591, 105.53886621534605), (7.527944885789529, 11489.096), 100, 100]], ['NPCR', [100.0, 100.0]], ['UACI', [49.995515433650134, 34.320451097458424, 0.0, 0.0]], ['Entropy', [5.849443628638217, 5.849443628638218, 7.9997916026023, 7.9997916026023, 5.849443628638217, 5.849443628638218]]]Test: v
[['PSNR', [(27.902500502775297, 105.39750022776968), (7.425045704134795, 11764.563), 100, 100]], ['NPCR', [100.0, 100.0]], ['UACI', [49.96626284442347, 34.763854202395244, 0.0, 0.0]], ['Entropy', [5.712288896500552, 5.712288896500551, 7.99979298806874, 7.999792988068738, 5.712288896500552, 5.712288896500551]]]Test: d
[['PSNR', [(27.903321232778605, 105.37758408304094), (7.379471995556556, 11888.667), 100, 100]], ['NPCR', [100.0, 100.0]], ['UACI', [49.969604174300486, 34.940711942057796, 0.0, 0.0]], ['Entropy', [5.74510141938687, 5.74510141938687, 7.999794650624033, 7.9997946506240325, 5.74510141938687, 5.74510141938687]]]Title: 

Images/scale.png
Test: a
[['PSNR', [(27.900114096135194, 105.45543106083554), (7.4303046515365345, 11750.325), 100, 100]], ['NPCR', [100.0, 100.0]], ['UACI', [50.00925889509171, 34.73705725989857, 0.0, 0.0]], ['Entropy', [5.890182353126787, 5.890182353126788, 7.999705327902309, 7.999705327902309, 5.890182353126787, 5.890182353126788]]]Test: h
[['PSNR', [(27.895126653405043, 105.57660576211153), (7.430975312188524, 11748.512), 100, 100]], ['NPCR', [100.0, 100.0]], ['UACI', [49.9230776143955, 34.72728980233579, 0.0, 0.0]], ['Entropy', [5.89300787962738, 5.89300787962738, 7.999774089478578, 7.999774089478576, 5.89300787962738, 5.89300787962738]]]Test: v
[['PSNR', [(27.900385257663434, 105.44884691934925), (7.451088608898702, 11694.227), 100, 100]], ['NPCR', [100.0, 100.0]], ['UACI', [49.979715146702986, 34.64746689606961, 0.0, 0.0]], ['Entropy', [5.903904287284205, 5.903904287284205, 7.999765465303976, 7.999765465303975, 5.903904287284205, 5.903904287284205]]]Test: d
[['PSNR', [(27.894526807296792, 105.59118897522357), (7.425800889970483, 11762.518), 100, 100]], ['NPCR', [100.0, 100.0]], ['UACI', [49.99737024697453, 34.753566056894016, 0.0, 0.0]], ['Entropy', [5.86538748287849, 5.865387482878489, 7.999709490826387, 7.999709490826387, 5.86538748287849, 5.865387482878489]]]