Title: Images/barbara.png
Test: a
[['PSNR', [(27.898163632877857, 105.50280286664216), (7.465322122993143, 11655.963), 100, 100]], ['NPCR', [100.0, 100.0]], ['UACI', [49.97848275946781, 34.58597816003278, 0.0, 0.0]], ['Entropy', [5.905168509396548, 5.905168509396548, 7.999855002930694, 7.999855002930694, 5.905168509396548, 5.905168509396548]]]Test: h
[['PSNR', [(27.89953446536937, 105.46950660036701), (7.457879246302337, 11675.956), 100, 100]], ['NPCR', [100.0, 100.0]], ['UACI', [49.98990111346662, 34.60675642422955, 0.0, 0.0]], ['Entropy', [5.924671093477846, 5.924671093477845, 7.9998460829654405, 7.999846082965441, 5.924671093477846, 5.924671093477845]]]Test: v
[['PSNR', [(27.89749954967727, 105.51893661893662), (7.454074069846552, 11686.19), 100, 100]], ['NPCR', [100.0, 100.0]], ['UACI', [50.00962944100268, 34.636940401646285, 0.0, 0.0]], ['Entropy', [5.924798505028686, 5.924798505028686, 7.99982122502427, 7.99982122502427, 5.924798505028686, 5.924798505028686]]]Test: d
[['PSNR', [(27.899829166845844, 105.46234994375203), (7.467290818194768, 11650.681), 100, 100]], ['NPCR', [100.0, 100.0]], ['UACI', [50.02740020339991, 34.57373627831191, 0.0, 0.0]], ['Entropy', [5.921445849576601, 5.921445849576601, 7.999810412569203, 7.999810412569204, 5.921445849576601, 5.921445849576601]]]Title: Images/color.png
Test: a
[['PSNR', [(27.8988093934327, 105.48711662459866), (7.19037977640217, 12417.734), 100, 100]], ['NPCR', [100.0, 100.0]], ['UACI', [50.0174857629735, 35.75730593693446, 0.0, 0.0]], ['Entropy', [5.35616015344723, 5.356160153447229, 7.999860476221196, 7.999860476221194, 5.35616015344723, 5.356160153447229]]]Test: h
[['PSNR', [(27.896557617513512, 105.54182488108002), (7.527911500559745, 11489.185), 100, 100]], ['NPCR', [100.0, 100.0]], ['UACI', [49.97740250408693, 34.327756341808254, 0.0, 0.0]], ['Entropy', [5.733641960673677, 5.733641960673676, 7.999907721452651, 7.999907721452651, 5.733641960673677, 5.733641960673676]]]Test: v
[['PSNR', [(27.897415089703856, 105.52098873187227), (7.447855466046384, 11702.936), 100, 100]], ['NPCR', [100.0, 100.0]], ['UACI', [49.99802919571877, 34.6641509569702, 0.0, 0.0]], ['Entropy', [5.80419778976188, 5.804197789761879, 7.9999168261787155, 7.9999168261787155, 5.80419778976188, 5.804197789761879]]]Test: d
[['PSNR', [(27.896526233165208, 105.54258758323245), (7.307465139948519, 12087.427), 100, 100]], ['NPCR', [100.0, 100.0]], ['UACI', [49.991955309668235, 35.25608145800693, 0.0, 0.0]], ['Entropy', [5.735010965449627, 5.735010965449626, 7.999921367107655, 7.999921367107654, 5.735010965449627, 5.735010965449626]]]Title: Images/eye.png
Test: a
[['PSNR', [(27.897724046699537, 105.51348223814216), (7.462449991267771, 11663.674), 100, 100]], ['NPCR', [100.0, 100.0]], ['UACI', [49.99014375257382, 34.599033156749506, 0.0, 0.0]], ['Entropy', [5.888030367503563, 5.888030367503564, 7.999987328194337, 7.999987328194337, 5.888030367503563, 5.888030367503564]]]Test: h
[['PSNR', [(27.898159110766912, 105.50291272197013), (7.459116318330978, 11672.63), 100, 100]], ['NPCR', [100.0, 100.0]], ['UACI', [50.00208842922662, 34.615325717793375, 0.0, 0.0]], ['Entropy', [5.910103615311571, 5.91010361531157, 7.999986422204178, 7.999986422204179, 5.910103615311571, 5.91010361531157]]]Test: v
[['PSNR', [(27.897881695689307, 105.5096521659976), (7.460492208243328, 11668.933), 100, 100]], ['NPCR', [100.0, 100.0]], ['UACI', [49.996183956235036, 34.60693144999675, 0.0, 0.0]], ['Entropy', [5.910403810053298, 5.910403810053298, 7.999984658196677, 7.999984658196677, 5.910403810053298, 5.910403810053298]]]Test: d
[['PSNR', [(27.89959700952952, 105.46798771065332), (7.441788224550841, 11719.297), 100, 100]], ['NPCR', [100.0, 100.0]], ['UACI', [49.999722696998305, 34.68435634385882, 0.0, 0.0]], ['Entropy', [5.908688113839593, 5.9086881138395935, 7.999986015476422, 7.99998601547642, 5.908688113839593, 5.9086881138395935]]]Title: Images/lena.png
Test: a
[['PSNR', [(27.895121258858513, 105.57673690314355), (7.453746115427763, 11687.073), 100, 100]], ['NPCR', [100.0, 100.0]], ['UACI', [49.952188159273284, 34.64242375367695, 0.0, 0.0]], ['Entropy', [5.897571309963537, 5.897571309963537, 7.999848835032075, 7.999848835032074, 5.897571309963537, 5.897571309963537]]]Test: h
[['PSNR', [(27.90159510956327, 105.41947520854909), (7.475959119494226, 11627.449), 100, 100]], ['NPCR', [100.0, 100.0]], ['UACI', [50.010258042321254, 34.54093355148969, 0.0, 0.0]], ['Entropy', [5.908859237310308, 5.908859237310307, 7.999844512172195, 7.999844512172193, 5.908859237310308, 5.908859237310307]]]Test: v
[['PSNR', [(27.898496638138504, 105.49471350725243), (7.453454951320866, 11687.856), 100, 100]], ['NPCR', [100.0, 100.0]], ['UACI', [50.0016514489602, 34.639667313952, 0.0, 0.0]], ['Entropy', [5.9218239685752785, 5.9218239685752785, 7.999834321573779, 7.999834321573778, 5.9218239685752785, 5.9218239685752785]]]Test: d
[['PSNR', [(27.89722236307933, 105.52567153491702), (7.462361019447117, 11663.913), 100, 100]], ['NPCR', [100.0, 100.0]], ['UACI', [49.975727217518546, 34.59176652382928, 0.0, 0.0]], ['Entropy', [5.912124706648347, 5.912124706648347, 7.999818906132606, 7.999818906132607, 5.912124706648347, 5.912124706648347]]]Title: Images/lenaV2.png
Test: a
[['PSNR', [(27.895184649837752, 105.57519588335806), (7.467480528954536, 11650.171), 100, 100]], ['NPCR', [100.0, 100.0]], ['UACI', [50.000813632028326, 34.57505263672986, 0.0, 0.0]], ['Entropy', [5.897058475914909, 5.897058475914909, 7.999942705552502, 7.9999427055525025, 5.897058475914909, 5.897058475914909]]]Test: h
[['PSNR', [(27.897274673106903, 105.52440050390622), (7.459499067427776, 11671.602), 100, 100]], ['NPCR', [100.0, 100.0]], ['UACI', [50.01113041133974, 34.618198134016644, 0.0, 0.0]], ['Entropy', [5.91321770075125, 5.9132177007512485, 7.999932073946934, 7.999932073946933, 5.91321770075125, 5.9132177007512485]]]Test: v
[['PSNR', [(27.9001050509408, 105.45565069656813), (7.4575456288805455, 11676.853), 100, 100]], ['NPCR', [100.0, 100.0]], ['UACI', [49.959213021257014, 34.62034312059856, 0.0, 0.0]], ['Entropy', [5.927489128928888, 5.9274891289288885, 7.999938629863224, 7.999938629863225, 5.927489128928888, 5.9274891289288885]]]Test: d
[['PSNR', [(27.900249908426794, 105.45213331692847), (7.467837859501859, 11649.212), 100, 100]], ['NPCR', [100.0, 100.0]], ['UACI', [50.00538760665757, 34.58146828431573, 0.0, 0.0]], ['Entropy', [5.908547304199296, 5.908547304199296, 7.999931953188767, 7.999931953188768, 5.908547304199296, 5.908547304199296]]]Title: Images/logo.png
Test: a
[['PSNR', [(27.89868959572918, 105.49002646783727), (7.396451993274979, 11842.275), 100, 100]], ['NPCR', [100.0, 100.0]], ['UACI', [49.929295534624565, 34.88674005446529, 0.0, 0.0]], ['Entropy', [5.567827509593842, 5.567827509593842, 7.998795810420466, 7.998795810420466, 5.567827509593842, 5.567827509593842]]]Test: h
[['PSNR', [(27.895056749683572, 105.5783051290954), (7.404887100752566, 11819.297), 100, 100]], ['NPCR', [100.0, 100.0]], ['UACI', [49.99743763775669, 34.814660895480976, 0.0, 0.0]], ['Entropy', [5.842506969351533, 5.842506969351533, 7.99902283213137, 7.99902283213137, 5.842506969351533, 5.842506969351533]]]Test: v
[['PSNR', [(27.906579474325376, 105.29855548064721), (7.460746799375348, 11668.249), 100, 100]], ['NPCR', [100.0, 100.0]], ['UACI', [50.10517559657163, 34.577087299069376, 0.0, 0.0]], ['Entropy', [5.8671624304947985, 5.867162430494798, 7.999094277493364, 7.999094277493364, 5.8671624304947985, 5.867162430494798]]]Test: d
[['PSNR', [(27.898237663365503, 105.50100446539567), (7.490080205677161, 11589.703), 100, 100]], ['NPCR', [100.0, 100.0]], ['UACI', [49.874815258124016, 34.46895644216056, 0.0, 0.0]], ['Entropy', [5.848973749584591, 5.848973749584593, 7.998956247846764, 7.998956247846763, 5.848973749584591, 5.848973749584593]]]Title: Images/Mandrill.png
Test: a
[['PSNR', [(27.89552703504871, 105.56687296828999), (7.456484761580866, 11679.706), 100, 100]], ['NPCR', [100.0, 100.0]], ['UACI', [50.00715007083401, 34.626382960875716, 0.0, 0.0]], ['Entropy', [5.8947149131982215, 5.894714913198222, 7.99982317474766, 7.999823174747659, 5.8947149131982215, 5.894714913198222]]]Test: h
[['PSNR', [(27.897054294324764, 105.5297553794304), (7.467542538871633, 11650.005), 100, 100]], ['NPCR', [100.0, 100.0]], ['UACI', [49.93743913624346, 34.57536322184146, 0.0, 0.0]], ['Entropy', [5.910801824639716, 5.910801824639715, 7.999812110144934, 7.9998121101449335, 5.910801824639716, 5.910801824639715]]]Test: v
[['PSNR', [(27.902092639869082, 105.40739898337853), (7.468216081043843, 11648.198), 100, 100]], ['NPCR', [100.0, 100.0]], ['UACI', [50.00678124170577, 34.56335856819421, 0.0, 0.0]], ['Entropy', [5.914222204618591, 5.914222204618591, 7.999823222887605, 7.999823222887605, 5.914222204618591, 5.914222204618591]]]Test: d
[['PSNR', [(27.89856072398015, 105.49315680600373), (7.459545072060419, 11671.478), 100, 100]], ['NPCR', [100.0, 100.0]], ['UACI', [49.93108427094383, 34.58922405961704, 0.0, 0.0]], ['Entropy', [5.9143438081871595, 5.914343808187159, 7.999810174108868, 7.999810174108868, 5.9143438081871595, 5.914343808187159]]]Title: Images/peppers.png
Test: a
[['PSNR', [(27.8949969245885, 105.57975950530997), (7.504840868587942, 11550.381), 100, 100]], ['NPCR', [100.0, 100.0]], ['UACI', [49.94771901448972, 34.42469831464383, 0.0, 0.0]], ['Entropy', [5.9159973332321805, 5.9159973332321805, 7.999837824963898, 7.999837824963899, 5.9159973332321805, 5.9159973332321805]]]Test: h
[['PSNR', [(27.902122233889727, 105.40668071081387), (7.467540696986527, 11650.01), 100, 100]], ['NPCR', [100.0, 100.0]], ['UACI', [49.9832762007893, 34.569340501701646, 0.0, 0.0]], ['Entropy', [5.9088067105516044, 5.908806710551604, 7.999851645633917, 7.999851645633917, 5.9088067105516044, 5.908806710551604]]]Test: v
[['PSNR', [(27.899183314101222, 105.47803474195075), (7.449504053101272, 11698.493), 100, 100]], ['NPCR', [100.0, 100.0]], ['UACI', [49.984842392211206, 34.6548608790107, 0.0, 0.0]], ['Entropy', [5.922438089031759, 5.92243808903176, 7.999831595827456, 7.999831595827455, 5.922438089031759, 5.92243808903176]]]Test: d
[['PSNR', [(27.89976250209632, 105.46396881652082), (7.440698064466159, 11722.239), 100, 100]], ['NPCR', [100.0, 100.0]], ['UACI', [50.01423422224782, 34.68028452067913, 0.0, 0.0]], ['Entropy', [5.918861144450589, 5.91886114445059, 7.9998480176248155, 7.9998480176248155, 5.918861144450589, 5.91886114445059]]]Title: Images/pinguin.png
Test: a
[['PSNR', [(27.892703795785376, 105.63552164986936), (7.345434483188988, 11982.209), 100, 100]], ['NPCR', [100.0, 100.0]], ['UACI', [49.95098222193061, 35.08059111413633, 0.0, 0.0]], ['Entropy', [5.538078441156775, 5.538078441156775, 7.999732622612009, 7.999732622612008, 5.538078441156775, 5.538078441156775]]]Test: h
[['PSNR', [(27.89838734244823, 105.49736844833485), (7.522485015370792, 11503.549), 100, 100]], ['NPCR', [100.0, 100.0]], ['UACI', [49.94151497572826, 34.36102699302384, 0.0, 0.0]], ['Entropy', [5.849443628638217, 5.849443628638218, 7.99977366884957, 7.999773668849569, 5.849443628638217, 5.849443628638218]]]Test: v
[['PSNR', [(27.90037355530936, 105.44913105867347), (7.428525848136229, 11755.139), 100, 100]], ['NPCR', [100.0, 100.0]], ['UACI', [49.99210621748526, 34.75088383567713, 0.0, 0.0]], ['Entropy', [5.712288896500552, 5.712288896500551, 7.999778661368454, 7.999778661368455, 5.712288896500552, 5.712288896500551]]]Test: d
[['PSNR', [(27.898883548657835, 105.4853154610045), (7.385835833481151, 11871.259), 100, 100]], ['NPCR', [100.0, 100.0]], ['UACI', [49.97918870973491, 34.922069443695605, 0.0, 0.0]], ['Entropy', [5.74510141938687, 5.74510141938687, 7.999752598729063, 7.999752598729063, 5.74510141938687, 5.74510141938687]]]Title: Images/scale.png
Test: a
[['PSNR', [(27.898093274122683, 105.50451209996552), (7.42670829959939, 11760.06), 100, 100]], ['NPCR', [100.0, 100.0]], ['UACI', [49.96034486585588, 34.75367614044126, 0.0, 0.0]], ['Entropy', [5.890182353126787, 5.890182353126788, 7.9997347382758575, 7.999734738275858, 5.890182353126787, 5.890182353126788]]]Test: h
[['PSNR', [(27.898854241576608, 105.48602729992216), (7.425272986168814, 11763.947), 100, 100]], ['NPCR', [100.0, 100.0]], ['UACI', [49.96733577177168, 34.75230805711071, 0.0, 0.0]], ['Entropy', [5.89300787962738, 5.89300787962738, 7.999746071441685, 7.999746071441684, 5.89300787962738, 5.89300787962738]]]Test: v
[['PSNR', [(27.900482098691906, 105.4464955975251), (7.455387237568226, 11682.657), 100, 100]], ['NPCR', [100.0, 100.0]], ['UACI', [49.9994522623003, 34.61747918490691, 0.0, 0.0]], ['Entropy', [5.903904287284205, 5.903904287284205, 7.999720148782499, 7.9997201487825, 5.903904287284205, 5.903904287284205]]]Test: d
[['PSNR', [(27.90046415304975, 105.44693131777137), (7.422149600916876, 11772.411), 100, 100]], ['NPCR', [100.0, 100.0]], ['UACI', [49.996949699426004, 34.75720405935917, 0.0, 0.0]], ['Entropy', [5.86538748287849, 5.865387482878489, 7.999744399595081, 7.999744399595081, 5.86538748287849, 5.865387482878489]]]