Title: Images/barbara.png
Test: a
[['PSNR', [(27.898686590102038, 105.49009947447448), (7.4699152111733325, 11643.643), 100, 100]], ['NPCR', [100.0, 100.0]], ['UACI', [49.998626702934004, 34.58332845150072, 0.0, 0.0]], ['Entropy', [5.905168509396548, 5.905168509396548, 7.999836726362555, 7.999836726362554, 5.905168509396548, 5.905168509396548]]]Test: h
[['PSNR', [(27.900192992149734, 105.45351532439471), (7.462343225192348, 11663.96), 100, 100]], ['NPCR', [100.0, 100.0]], ['UACI', [49.978488087651925, 34.593228007772105, 0.0, 0.0]], ['Entropy', [5.924671093477846, 5.924671093477845, 7.999833058356546, 7.999833058356545, 5.924671093477846, 5.924671093477845]]]Test: v
[['PSNR', [(27.900363444734474, 105.44937654937655), (7.45804789969141, 11675.503), 100, 100]], ['NPCR', [100.0, 100.0]], ['UACI', [50.030387187250334, 34.624995193622645, 0.0, 0.0]], ['Entropy', [5.924798505028686, 5.924798505028686, 7.999814520316265, 7.9998145203162645, 5.924798505028686, 5.924798505028686]]]Test: d
[['PSNR', [(27.898628212569093, 105.4915174738743), (7.46657253344528, 11652.606), 100, 100]], ['NPCR', [100.0, 100.0]], ['UACI', [50.02441221167061, 34.57876971653696, 0.0, 0.0]], ['Entropy', [5.921445849576601, 5.921445849576601, 7.999823787945142, 7.999823787945142, 5.921445849576601, 5.921445849576601]]]Title: Images/color.png
Test: a
[['PSNR', [(27.89572207946737, 105.56213199923033), (7.186150254214518, 12429.834), 100, 100]], ['NPCR', [100.0, 100.0]], ['UACI', [50.01273129730597, 35.77627083084118, 0.0, 0.0]], ['Entropy', [5.35616015344723, 5.356160153447229, 7.999847596450535, 7.999847596450535, 5.35616015344723, 5.356160153447229]]]Test: h
[['PSNR', [(27.899846630594322, 105.46192586186129), (7.530413275261521, 11482.568), 100, 100]], ['NPCR', [100.0, 100.0]], ['UACI', [50.011608681913, 34.32338745388111, 0.0, 0.0]], ['Entropy', [5.733641960673677, 5.733641960673676, 7.999917037919875, 7.999917037919875, 5.733641960673677, 5.733641960673676]]]Test: v
[['PSNR', [(27.898490839843213, 105.49485435405903), (7.449640683608844, 11698.126), 100, 100]], ['NPCR', [100.0, 100.0]], ['UACI', [49.99453592704594, 34.65002287312225, 0.0, 0.0]], ['Entropy', [5.80419778976188, 5.804197789761879, 7.999908547768124, 7.999908547768125, 5.80419778976188, 5.804197789761879]]]Test: d
[['PSNR', [(27.89618525389807, 105.55087441358958), (7.301810169337097, 12103.176), 100, 100]], ['NPCR', [100.0, 100.0]], ['UACI', [49.986555771671625, 35.2791274613659, 0.0, 0.0]], ['Entropy', [5.735010965449627, 5.735010965449626, 7.999903495569506, 7.999903495569506, 5.735010965449627, 5.735010965449626]]]Title: Images/eye.png
Test: a
[['PSNR', [(27.89745818198746, 105.5199417193029), (7.461749899708094, 11665.554), 100, 100]], ['NPCR', [100.0, 100.0]], ['UACI', [50.00148899051753, 34.60156741298038, 0.0, 0.0]], ['Entropy', [5.888030367503563, 5.888030367503564, 7.999983766629925, 7.999983766629924, 5.888030367503563, 5.888030367503564]]]Test: h
[['PSNR', [(27.898046744133282, 105.50564247355604), (7.460984833496997, 11667.609), 100, 100]], ['NPCR', [100.0, 100.0]], ['UACI', [50.01948875054338, 34.60262517863587, 0.0, 0.0]], ['Entropy', [5.910103615311571, 5.91010361531157, 7.999987489511449, 7.999987489511449, 5.910103615311571, 5.91010361531157]]]Test: v
[['PSNR', [(27.899594844576328, 105.46804028634169), (7.461395273630924, 11666.506), 100, 100]], ['NPCR', [100.0, 100.0]], ['UACI', [50.00906675633786, 34.60247811605726, 0.0, 0.0]], ['Entropy', [5.910403810053298, 5.910403810053298, 7.9999846325604045, 7.999984632560404, 5.910403810053298, 5.910403810053298]]]Test: d
[['PSNR', [(27.90009893224901, 105.45579927111973), (7.443766899381751, 11713.958), 100, 100]], ['NPCR', [100.0, 100.0]], ['UACI', [50.0028782306234, 34.676390306107606, 0.0, 0.0]], ['Entropy', [5.908688113839593, 5.9086881138395935, 7.999984328868674, 7.999984328868672, 5.908688113839593, 5.9086881138395935]]]Title: Images/lena.png
Test: a
[['PSNR', [(27.902422880307075, 105.39938403877022), (7.463653347958591, 11660.442), 100, 100]], ['NPCR', [100.0, 100.0]], ['UACI', [50.0109188472357, 34.60124710237543, 0.0, 0.0]], ['Entropy', [5.897571309963537, 5.897571309963537, 7.99985559866477, 7.99985559866477, 5.897571309963537, 5.897571309963537]]]Test: h
[['PSNR', [(27.89767001813718, 105.51479489060553), (7.482845501359269, 11609.027), 100, 100]], ['NPCR', [100.0, 100.0]], ['UACI', [49.95180787326344, 34.516574379379115, 0.0, 0.0]], ['Entropy', [5.908859237310308, 5.908859237310307, 7.999833020687784, 7.999833020687785, 5.908859237310308, 5.908859237310307]]]Test: v
[['PSNR', [(27.89104164978907, 105.6759585585972), (7.459311984431918, 11672.1045), 100, 100]], ['NPCR', [100.0, 100.0]], ['UACI', [49.98211055250144, 34.61283597710544, 0.0, 0.0]], ['Entropy', [5.9218239685752785, 5.9218239685752785, 7.999839000999565, 7.999839000999563, 5.9218239685752785, 5.9218239685752785]]]Test: d
[['PSNR', [(27.89228145149613, 105.64579503131583), (7.4725391687070255, 11636.608), 100, 100]], ['NPCR', [100.0, 100.0]], ['UACI', [49.982115377268705, 34.55295873597804, 0.0, 0.0]], ['Entropy', [5.912124706648347, 5.912124706648347, 7.999840792500991, 7.99984079250099, 5.912124706648347, 5.912124706648347]]]Title: Images/lenaV2.png
Test: a
[['PSNR', [(27.897517519367835, 105.51850001686226), (7.468774847550213, 11646.699), 100, 100]], ['NPCR', [100.0, 100.0]], ['UACI', [49.99979555876454, 34.57163775173274, 0.0, 0.0]], ['Entropy', [5.897058475914909, 5.897058475914909, 7.999934451584974, 7.9999344515849735, 5.897058475914909, 5.897058475914909]]]Test: h
[['PSNR', [(27.896836150946925, 105.53505620558066), (7.463935034822899, 11659.686), 100, 100]], ['NPCR', [100.0, 100.0]], ['UACI', [50.01423794933364, 34.60092754563703, 0.0, 0.0]], ['Entropy', [5.91321770075125, 5.9132177007512485, 7.999932096726426, 7.999932096726427, 5.91321770075125, 5.9132177007512485]]]Test: v
[['PSNR', [(27.895023819516215, 105.57910567448182), (7.455799252670756, 11681.549), 100, 100]], ['NPCR', [100.0, 100.0]], ['UACI', [50.02142911395152, 34.627175684408996, 0.0, 0.0]], ['Entropy', [5.927489128928888, 5.9274891289288885, 7.9999359510039145, 7.999935951003914, 5.927489128928888, 5.9274891289288885]]]Test: d
[['PSNR', [(27.899199265143885, 105.47764733625887), (7.468053984080612, 11648.633), 100, 100]], ['NPCR', [100.0, 100.0]], ['UACI', [49.96083805844444, 34.57944675908614, 0.0, 0.0]], ['Entropy', [5.908547304199296, 5.908547304199296, 7.99994328992436, 7.99994328992436, 5.908547304199296, 5.908547304199296]]]Title: Images/logo.png
Test: a
[['PSNR', [(27.89237279315945, 105.64357309169547), (7.403601657234845, 11822.796), 100, 100]], ['NPCR', [100.0, 100.0]], ['UACI', [49.946040678707284, 34.83367951323841, 0.0, 0.0]], ['Entropy', [5.567827509593842, 5.567827509593842, 7.9987718958801395, 7.9987718958801395, 5.567827509593842, 5.567827509593842]]]Test: h
[['PSNR', [(27.892753567044124, 105.6343110467018), (7.3552352360373465, 11955.199), 100, 100]], ['NPCR', [100.0, 100.0]], ['UACI', [49.96003129298528, 35.03858589966689, 0.0, 0.0]], ['Entropy', [5.842506969351533, 5.842506969351533, 7.9990396562011075, 7.999039656201107, 5.842506969351533, 5.842506969351533]]]Test: v
[['PSNR', [(27.898255749147207, 105.50056511738579), (7.458709052557282, 11673.726), 100, 100]], ['NPCR', [100.0, 100.0]], ['UACI', [49.94868648601629, 34.608340798248236, 0.0, 0.0]], ['Entropy', [5.8671624304947985, 5.867162430494798, 7.9989785782453415, 7.998978578245341, 5.8671624304947985, 5.867162430494798]]]Test: d
[['PSNR', [(27.899330268303363, 105.47446569402592), (7.503676798495032, 11553.477), 100, 100]], ['NPCR', [100.0, 100.0]], ['UACI', [49.94943352324795, 34.43184523861757, 0.0, 0.0]], ['Entropy', [5.848973749584591, 5.848973749584593, 7.999080772088129, 7.999080772088127, 5.848973749584591, 5.848973749584593]]]Title: Images/Mandrill.png
Test: a
[['PSNR', [(27.897447228799276, 105.52020784776742), (7.455855661021284, 11681.396), 100, 100]], ['NPCR', [100.0, 100.0]], ['UACI', [50.02821168028089, 34.626323204698956, 0.0, 0.0]], ['Entropy', [5.8947149131982215, 5.894714913198222, 7.999818884529019, 7.999818884529018, 5.8947149131982215, 5.894714913198222]]]Test: h
[['PSNR', [(27.899625049438672, 105.46730676641606), (7.468738004695631, 11646.798), 100, 100]], ['NPCR', [100.0, 100.0]], ['UACI', [49.99740242009965, 34.57596196509788, 0.0, 0.0]], ['Entropy', [5.910801824639716, 5.910801824639715, 7.999824468351085, 7.999824468351086, 5.910801824639716, 5.910801824639715]]]Test: v
[['PSNR', [(27.901627214005487, 105.41869591682833), (7.456982065320508, 11678.368), 100, 100]], ['NPCR', [100.0, 100.0]], ['UACI', [49.98974232323141, 34.620415604338845, 0.0, 0.0]], ['Entropy', [5.914222204618591, 5.914222204618591, 7.99983083350819, 7.999830833508191, 5.914222204618591, 5.914222204618591]]]Test: d
[['PSNR', [(27.90169105861022, 105.41714619290092), (7.468246167555469, 11648.118), 100, 100]], ['NPCR', [100.0, 100.0]], ['UACI', [50.00891862562329, 34.564223754868, 0.0, 0.0]], ['Entropy', [5.9143438081871595, 5.914343808187159, 7.9998131695449, 7.9998131695449, 5.9143438081871595, 5.914343808187159]]]Title: Images/peppers.png
Test: a
[['PSNR', [(27.896511951398214, 105.54293466043126), (7.504555385689368, 11551.14), 100, 100]], ['NPCR', [100.0, 100.0]], ['UACI', [49.99089252825952, 34.4287245129699, 0.0, 0.0]], ['Entropy', [5.9159973332321805, 5.9159973332321805, 7.999823410051923, 7.999823410051924, 5.9159973332321805, 5.9159973332321805]]]Test: h
[['PSNR', [(27.89906397780099, 105.48093312815809), (7.466835897623262, 11651.901), 100, 100]], ['NPCR', [100.0, 100.0]], ['UACI', [49.95461092352173, 34.57718072321664, 0.0, 0.0]], ['Entropy', [5.9088067105516044, 5.908806710551604, 7.999832193591495, 7.999832193591495, 5.9088067105516044, 5.908806710551604]]]Test: v
[['PSNR', [(27.89722410468897, 105.52562921697444), (7.44830510535815, 11701.724), 100, 100]], ['NPCR', [100.0, 100.0]], ['UACI', [50.00553994680262, 34.65761271956699, 0.0, 0.0]], ['Entropy', [5.922438089031759, 5.92243808903176, 7.999808604904179, 7.999808604904178, 5.922438089031759, 5.92243808903176]]]Test: d
[['PSNR', [(27.897807813023206, 105.51144712334437), (7.446030806433449, 11707.854), 100, 100]], ['NPCR', [100.0, 100.0]], ['UACI', [50.05056813702187, 34.6745567018198, 0.0, 0.0]], ['Entropy', [5.918861144450589, 5.91886114445059, 7.999810402125687, 7.999810402125686, 5.918861144450589, 5.91886114445059]]]Title: Images/pinguin.png
Test: a
[['PSNR', [(27.899523895923902, 105.46976328231928), (7.330801803110473, 12022.649), 100, 100]], ['NPCR', [100.0, 100.0]], ['UACI', [49.9978097622019, 35.16390431997112, 0.0, 0.0]], ['Entropy', [5.538078441156775, 5.538078441156775, 7.999711686723876, 7.999711686723875, 5.538078441156775, 5.538078441156775]]]Test: h
[['PSNR', [(27.89665414791974, 105.53947903455632), (7.523530493486383, 11500.78), 100, 100]], ['NPCR', [100.0, 100.0]], ['UACI', [50.01768461805456, 34.359984848015664, 0.0, 0.0]], ['Entropy', [5.849443628638217, 5.849443628638218, 7.999792479662365, 7.999792479662364, 5.849443628638217, 5.849443628638218]]]Test: v
[['PSNR', [(27.904693424323863, 105.34429436953353), (7.431030948169386, 11748.361), 100, 100]], ['NPCR', [100.0, 100.0]], ['UACI', [50.00959490939275, 34.740671268507406, 0.0, 0.0]], ['Entropy', [5.712288896500552, 5.712288896500551, 7.9997811219409405, 7.999781121940941, 5.712288896500552, 5.712288896500551]]]Test: d
[['PSNR', [(27.89812830596023, 105.50366106404965), (7.3859477454697, 11870.953), 100, 100]], ['NPCR', [100.0, 100.0]], ['UACI', [49.993563681331445, 34.91762608750101, 0.0, 0.0]], ['Entropy', [5.74510141938687, 5.74510141938687, 7.9997953732975295, 7.9997953732975295, 5.74510141938687, 5.74510141938687]]]Title: Images/scale.png
Test: a
[['PSNR', [(27.8950419267689, 105.5786654792597), (7.44224918122931, 11718.053), 100, 100]], ['NPCR', [100.0, 100.0]], ['UACI', [50.019536764032345, 34.67181118455587, 0.0, 0.0]], ['Entropy', [5.890182353126787, 5.890182353126788, 7.999748625885471, 7.99974862588547, 5.890182353126787, 5.890182353126788]]]Test: h
[['PSNR', [(27.903529128955714, 105.37253979317583), (7.427687919564907, 11757.407), 100, 100]], ['NPCR', [100.0, 100.0]], ['UACI', [49.98925585980784, 34.73502192460819, 0.0, 0.0]], ['Entropy', [5.89300787962738, 5.89300787962738, 7.999750073192765, 7.999750073192764, 5.89300787962738, 5.89300787962738]]]Test: v
[['PSNR', [(27.90006813093956, 105.4565471940983), (7.453993765844063, 11686.406), 100, 100]], ['NPCR', [100.0, 100.0]], ['UACI', [49.98162241921827, 34.61843149556465, 0.0, 0.0]], ['Entropy', [5.903904287284205, 5.903904287284205, 7.999741835829053, 7.999741835829053, 5.903904287284205, 5.903904287284205]]]Test: d
[['PSNR', [(27.90226444737295, 105.40322913442691), (7.429723291177137, 11751.898), 100, 100]], ['NPCR', [100.0, 100.0]], ['UACI', [49.95788775255999, 34.736398134813065, 0.0, 0.0]], ['Entropy', [5.86538748287849, 5.865387482878489, 7.999742260543763, 7.999742260543762, 5.86538748287849, 5.865387482878489]]]